Iteration = 1, num_energies = 13, Energy MAE = 0.029534627041641944 eV/atom, num_forces = 8112, Force MAE = 0.30446965856669134 eV/A 
Iteration = 2, num_energies = 16, Energy MAE = 0.02956104606024476 eV/atom, num_forces = 9984, Force MAE = 0.4846504982215946 eV/A 
Iteration = 3, num_energies = 19, Energy MAE = 0.01497756850627335 eV/atom, num_forces = 11856, Force MAE = 0.5164825463196188 eV/A 
